      1 [1112,2111]
      1 [1112,1211]
      1 [1112,1121]
      1 [1113,1311]
      1 [1113,1131]
      1 [1114,1411]
      1 [1114,1141]
      1 [1115,1511]
      1 [1115,1151]
      1 [1116,1611]
      1 [1116,1161]
      1 [1117,1711]
      1 [1117,1171]
      1 [1118,1811]
      1 [1118,1181]
      1 [1119,1911]
      1 [1119,1191]
      1 [1120,2011]
      1 [1120,1201]
      1 [1121,2111]
      1 [1121,1211]
      1 [1122,2112]
      1 [1122,2211]
      1 [1122,1221]
      1 [1123,1231]
      1 [1124,1241]
      1 [1125,1251]
      1 [1126,1261]
      1 [1127,1271]
      1 [1128,1281]
      1 [1129,1291]
      1 [1130,1301]
      1 [1131,1311]
      1 [1132,2113]
      1 [1132,1321]
      1 [1133,1331]
      1 [1134,1341]
      1 [1135,1351]
      1 [1136,1361]
      1 [1137,1371]
      1 [1138,1381]
      1 [1139,1391]
      1 [1140,1401]
      1 [1141,1411]
      1 [1142,2114]
      1 [1142,1421]
      1 [1143,1431]
      1 [1144,1441]
      1 [1145,1451]
      1 [1146,1461]
      1 [1147,1471]
      1 [1148,1481]
      1 [1149,1491]
      1 [1150,1501]
      1 [1151,1511]
      1 [1152,2115]
      1 [1152,1521]
      1 [1153,1531]
      1 [1154,1541]
      1 [1155,1551]
      1 [1156,1561]
      1 [1157,1571]
      1 [1158,1581]
      1 [1159,1591]
      1 [1160,1601]
      1 [1161,1611]
      1 [1162,2116]
      1 [1162,1621]
      1 [1163,1631]
      1 [1164,1641]
      1 [1165,1651]
      1 [1166,1661]
      1 [1167,1671]
      1 [1168,1681]
      1 [1169,1691]
      1 [1170,1701]
      1 [1171,1711]
      1 [1172,2117]
      1 [1172,1721]
      1 [1173,1731]
      1 [1174,1741]
      1 [1175,1751]
      1 [1176,1761]
      1 [1177,1771]
      1 [1178,1781]
      1 [1179,1791]
      1 [1180,1801]
      1 [1181,1811]
      1 [1182,2118]
      1 [1182,1821]
      1 [1183,1831]
      1 [1184,1841]
      1 [1185,1851]
      1 [1186,1861]
      1 [1187,1871]
      1 [1188,1881]
      1 [1189,1891]
      1 [1190,1901]
      1 [1191,1911]
      1 [1192,2119]
      1 [1192,1921]
      1 [1193,1931]
      1 [1194,1941]
      1 [1195,1951]
      1 [1196,1961]
      1 [1197,1971]
      1 [1198,1981]
      1 [1199,1991]
      1 [1200,2001]
      1 [1201,2011]
      1 [1202,2120]
      1 [1202,2021]
      1 [1203,2031]
      1 [1204,2041]
      1 [1205,2051]
      1 [1206,2061]
      1 [1207,2071]
      1 [1208,2081]
      1 [1209,2091]
      1 [1210,2101]
      1 [1211,2111]
      2 [1212,2121]
      1 [1213,1312]
      1 [1213,2131]
      1 [1214,1412]
      1 [1214,2141]
      1 [1215,1512]
      1 [1215,2151]
      1 [1216,1612]
      1 [1216,2161]
      1 [1217,1712]
      1 [1217,2171]
      1 [1218,1812]
      1 [1218,2181]
      1 [1219,1912]
      1 [1219,2191]
      1 [1220,2012]
      1 [1220,2201]
      1 [1221,2112]
      1 [1221,2211]
      1 [1222,2122]
      1 [1222,2212]
      1 [1222,2221]
      1 [1232,2123]
      1 [1242,2124]
      1 [1252,2125]
      1 [1262,2126]
      1 [1272,2127]
      1 [1282,2128]
      1 [1292,2129]
      1 [1302,2130]
      1 [1312,2131]
      1 [1314,1413]
      1 [1315,1513]
      1 [1316,1613]
      1 [1317,1713]
      1 [1318,1813]
      1 [1319,1913]
      1 [1320,2013]
      1 [1321,2113]
      1 [1322,2132]
      1 [1322,2213]
      1 [1332,2133]
      1 [1342,2134]
      1 [1352,2135]
      1 [1362,2136]
      1 [1372,2137]
      1 [1382,2138]
      1 [1392,2139]
      1 [1402,2140]
      1 [1412,2141]
      1 [1415,1514]
      1 [1416,1614]
      1 [1417,1714]
      1 [1418,1814]
      1 [1419,1914]
      1 [1420,2014]
      1 [1421,2114]
      1 [1422,2142]
      1 [1422,2214]
      1 [1432,2143]
      1 [1442,2144]
      1 [1452,2145]
      1 [1462,2146]
      1 [1472,2147]
      1 [1482,2148]
      1 [1492,2149]
      1 [1502,2150]
      1 [1512,2151]
      1 [1516,1615]
      1 [1517,1715]
      1 [1518,1815]
      1 [1519,1915]
      1 [1520,2015]
      1 [1521,2115]
      1 [1522,2152]
      1 [1522,2215]
      1 [1532,2153]
      1 [1542,2154]
      1 [1552,2155]
      1 [1562,2156]
      1 [1572,2157]
      1 [1582,2158]
      1 [1592,2159]
      1 [1602,2160]
      1 [1612,2161]
      1 [1617,1716]
      1 [1618,1816]
      1 [1619,1916]
      1 [1620,2016]
      1 [1621,2116]
      1 [1622,2162]
      1 [1622,2216]
      1 [1632,2163]
      1 [1642,2164]
      1 [1652,2165]
      1 [1662,2166]
      1 [1672,2167]
      1 [1682,2168]
      1 [1692,2169]
      1 [1702,2170]
      1 [1712,2171]
      1 [1718,1817]
      1 [1719,1917]
      1 [1720,2017]
      1 [1721,2117]
      1 [1722,2172]
      1 [1722,2217]
      1 [1732,2173]
      1 [1742,2174]
      1 [1752,2175]
      1 [1762,2176]
      1 [1772,2177]
      1 [1782,2178]
      1 [1792,2179]
      1 [1802,2180]
      1 [1812,2181]
      1 [1819,1918]
      1 [1820,2018]
      1 [1821,2118]
      1 [1822,2182]
      1 [1822,2218]
      1 [1832,2183]
      1 [1842,2184]
      1 [1852,2185]
      1 [1862,2186]
      1 [1872,2187]
      1 [1882,2188]
      1 [1892,2189]
      1 [1902,2190]
      1 [1912,2191]
      1 [1920,2019]
      1 [1921,2119]
      1 [1922,2192]
      1 [1922,2219]
      1 [1932,2193]
      1 [1942,2194]
      1 [1952,2195]
      1 [1962,2196]
      1 [1972,2197]
      1 [1982,2198]
      1 [1992,2199]
      1 [2002,2200]
      1 [2012,2201]
      1 [2021,2120]
      1 [2022,2202]
      1 [2022,2220]
      1 [2032,2203]
      1 [2042,2204]
      1 [2052,2205]
      1 [2062,2206]
      1 [2072,2207]
      1 [2082,2208]
      1 [2092,2209]
      1 [2102,2210]
      1 [2112,2211]
      1 [2122,2212]
      1 [2122,2221]
      1 [2132,2213]
      1 [2142,2214]
      1 [2152,2215]
      1 [2162,2216]
      1 [2172,2217]
      1 [2182,2218]
      1 [2192,2219]
      1 [2202,2220]
      1 [2212,2221]
